NAME :
NDIMN     NPOIN     NLINE
  2        62        42
COORDINATES OF THE POINTS
   NO.       XCOOR           YCOOR        NBDTY
    1     2.071845         3.281250        10      1
    2     2.192388         3.349138        10      1
    3     2.614291         3.492457        10      1
    4     2.795107         3.537715        10      1
    5     3.013592         3.590517        10      1
    6     3.254680         3.650862        10      1
    7     3.443029         3.771552        10      1
    8     3.608777         3.854526        10      1
    9     3.774524         3.929957        10      1
   10     4.030680         3.975215        10      1
   11     4.249165         3.960129        10      1
   12     4.467650         3.945043        10      1
   13     4.753942         3.892241        10      1
   14     5.100505         3.824353        10      1
   15     5.462136         3.771552        10      1
   16     5.748427         3.748922        10      1
   17     6.125126         3.741379        10      1
   18     6.562098         3.741379        10      1
   19     6.870991         3.741379        10      1
   20     7.202486         3.839440        10      1
   21     7.646991         3.960129        10      1
   22     8.076427         4.367457        10      1
   23     8.445593         4.699353        10      1
   24     8.769553         5.008621        10      1
   25     9.070913         5.008621        10      1
   26     9.379807         5.008621        10      1
   27     9.251729         4.729526        10      1
   28     9.078446         4.352371        10      1
   29     8.890098         3.990302        10      1
   30     8.890098         3.650862        10      1
   31     9.191457         3.643319        10      1
   32     9.191457         3.100215        10      1
   33     8.837359         3.085129        10      1
   34     8.460661         3.039871        10      1
   35     8.038757         2.987069        10      1
   36     7.624389         2.979526        10      1
   37     6.878524         2.964440        10      1
   38     6.034719         2.949353        10      1
   39     5.205981         2.926724        10      1
   40     4.640932         2.904095        10      1
   41     4.166292         2.979526        10      1
   42     4.166292         3.175647        10      1
   43     4.106019         3.228448        10      1
   44     4.008078         3.266164        10      1
   45     3.669049         3.258621        10      1
   46     3.232078         3.220905        10      1
   47     2.825243         3.205819        10      1
   48     2.471146         3.205819        10      1
   49     2.237592         3.235991        10      1
   50     4.708738         2.572198        10      2
   51     4.90             2.640000        10      2
   52     5.100505         2.685345        10      2
   53     5.334058         2.723060        10      2
   54     5.612815         2.738147        10      2
   55     7.119612         2.738147        10      2
   56     7.420971         2.662715        10      2
   57     7.420971         2.481681        10      2
   58     7.119612         2.406249        10      2
   59     5.612815         2.406249        10      2
   60     5.334058         2.421336        10      2
   61     5.100505         2.459051        10      2
   62     4.90             2.504396        10      2
LINES:
 NO.  TYPE   POINTS    LIST                                 BCOND
 1      2      3        1   2   3                              10  1
 2      2      3        3   4   5                              10  1
 3      2      3        5   6   7                              10  1
 4      4      6        7   8   9  10  11  12                  10  1
 5      1      2       12  13                                  10  1
 6      1      2       13  14                                  10  1
 7      1      2       14  15                                  10  1
 8      1      2       15  16                                  10  1
 9      1      2       16  19                                  10  1
10      2      3       19  20  21                              10  1
11      1      2       21  24                                  10  1
12      4      3       24  25  26                              10  1
13      1      2       26  29                                  10  1
14      1      2       29  30                                  10  1
15      1      2       30  31                                  10  1
16      1      2       31  32                                  10  1
17      1      2       32  33                                  10  1
18      1      2       33  34                                  10  1
19      1      2       34  35                                  10  1
20	1      2       35  36                                  10  1
21      1      2       36  37                                  10  1
22      1      2       37  38                                  10  1
23      1      2       38  39                                  10  1
24      1      2       39  40                                  10  1
25      1      2       40  41                                  10  1
26      1      2       41  42                                  10  1
27      1      2       42  43                                  10  1
28      1      2       43  44                                  10  1
29      1      2       44  45                                  10  1
30      1      2       45  46                                  10  1
31      1      2       46  47                                  10  1
32      1      2       47  48                                  10  1
33      2      3       48  49   1                              10  1
34      4      5       50  51  52  53  54                      10  2
35      1      2       54  55                                  10  2
36      1      2       55  56                                  10  2
37      1      2       56  57                                  10  2
38      1      2       57  58                                  10  2
39      1      2       58  59                                  10  2
40      1      2       59  60                                  10  2
41      1      2       60  61                                  10  2
42      4      3       61  62  50                              10  2
THE END

